2 1
3 2
4 54
5 108
6 152
7 16200
8 2042460
9 4416720
10 9867312
11 2334364200
12 421877610
13 1779700673520
14 4025593863720
15 8605596007008
16 1147797065081426760
17 2851241701975626960
18 6723295828605676320
19 5463472083393768444000
20 32677216797923569872
21 29966837620559153371200
22 31992267514118823824945760
23 39390031260941977164298669920
24 4005106906135094120287426500
25 141861830924325492863056534520160
26 349696733550229042736767178385600
27 607366984772953333470994010577018000
28 1923262535746542596976390358681200
29 3049240241702704989143250469319645548800
30 9403123287053212444852754413479696
31 17742152322257126982068381069905735557988800
32 45624400749143691515203426155119190014607956400
33 108762688293940170615524635720390804084605600
34 298845997702564900630439027811497500681804706400
35 599235365197015473511633715765960442230707200
36 1758016119625362949735212719023837052237619732000
37 7704156728649950356455237591950207114727717032647440000
38 19593342528808552330175822932557528608041149849760797600
39 48636283779538506788468193025106040709140116458785175200
40 2949491266532658135493053371770319593915307331801883500
41 791222981626154999235100158499550255615325307057668641337271200
42 650828754201915243697436482327806321775960031977171416000
43 9374765438594117074250580509957460813483601689280434597219126021600
44 12428520662963836843722648681332672663852331283150932087854716800
45 29858202121833974366127520253547500517971464443016809773917504800
46 315044747190120671695735975284033252460559821155925276163089767538975200
47 1754681573582232514378787438934811607312193893426436545338224933544695955200
48 94237804886307950779486130179671488973571078333724597158459950718126090200
